LEVEL HASH NIMBER
0 00000000 1
1 00000002 2
1 00000001 2
1 00000020 2
1 00000010 2
1 00000200 2
1 00000100 2
1 00002000 2
1 00001000 2
1 00020000 2
1 00010000 2
1 00200000 2
1 00100000 2
1 02000000 0
1 01000000 0
1 20000000 2
1 10000000 2
2 00000022 1
2 00000202 3
2 00000102 1
2 00002002 3
2 00001002 1
2 00020002 3
2 00010002 1
2 00200002 1
2 00100002 0
2 02000002 1
2 01000002 1
2 20000002 0
2 10000002 1
2 00000011 1
2 00000201 1
2 00000101 3
2 00002001 1
2 00001001 3
2 00020001 1
2 00010001 3
2 00200001 0
2 00100001 1
2 02000001 1
2 01000001 1
2 20000001 1
2 10000001 0
2 00000220 3
2 00000120 1
2 00002020 3
2 00001020 1
2 00020020 3
2 00010020 1
2 00200020 1
2 00100020 0
2 02000020 1
2 01000020 1
2 20000020 0
2 10000020 1
2 00000210 1
2 00000110 3
2 00002010 1
2 00001010 3
2 00020010 1
2 00010010 3
2 00200010 0
2 00100010 1
2 02000010 1
2 01000010 1
2 20000010 1
2 10000010 0
2 00002200 3
2 00001200 1
2 00020200 3
2 00010200 1
2 00200200 0
2 00100200 1
2 02000200 1
2 01000200 1
2 20000200 1
2 10000200 0
2 00002100 1
2 00001100 3
2 00020100 1
2 00010100 3
2 00200100 1
2 00100100 0
2 02000100 1
2 01000100 1
2 20000100 0
2 10000100 1
2 00022000 1
2 00202000 1
2 00102000 0
2 02002000 1
2 01002000 1
2 20002000 0
2 10002000 1
2 00011000 1
2 00201000 0
2 00101000 1
2 02001000 1
2 01001000 1
2 20001000 1
2 10001000 0
2 00220000 1
2 00120000 0
2 02020000 1
2 01020000 1
2 20020000 0
2 10020000 1
2 00210000 0
2 00110000 1
2 02010000 1
2 01010000 1
2 20010000 1
2 10010000 0
2 02200000 1
2 20200000 1
2 10200000 3
2 01100000 1
2 20100000 3
2 10100000 1
2 22000000 1
2 11000000 1
3 00000222 0
3 00000122 2
3 00002022 2
3 00001022 2
3 00020022 2
3 00010022 2
3 00200022 2
3 00100022 2
3 02000022 2
3 01000022 2
3 20000022 2
3 10000022 2
3 00002202 1
3 00001202 2
3 00020202 1
3 00010202 2
3 00200202 4
3 00100202 4
3 02000202 4
3 01000202 4
3 20000202 4
3 10000202 4
3 00002102 2
3 00001102 2
3 00020102 2
3 00010102 2
3 00200102 0
3 00100102 2
3 02000102 0
3 01000102 0
3 20000102 2
3 10000102 0
3 00022002 2
3 00202002 4
3 00102002 4
3 02002002 0
3 01002002 0
3 20002002 4
3 10002002 4
3 00011002 2
3 00201002 2
3 00101002 2
3 02001002 0
3 01001002 0
3 20001002 2
3 10001002 2
3 00220002 0
3 00120002 4
3 02020002 0
3 01020002 0
3 20020002 4
3 10020002 0
3 00210002 2
3 00110002 2
3 02010002 0
3 01010002 0
3 20010002 2
3 10010002 2
3 02200002 2
3 20200002 2
3 10200002 2
3 01100002 2
3 20100002 2
3 10100002 2
3 22000002 2
3 11000002 2
3 00000211 2
3 00000111 0
3 00002011 2
3 00001011 2
3 00020011 2
3 00010011 2
3 00200011 2
3 00100011 2
3 02000011 2
3 01000011 2
3 20000011 2
3 10000011 2
3 00002201 2
3 00001201 2
3 00020201 2
3 00010201 2
3 00200201 2
3 00100201 0
3 02000201 0
3 01000201 0
3 20000201 0
3 10000201 2
3 00002101 2
3 00001101 1
3 00020101 2
3 00010101 1
3 00200101 4
3 00100101 4
3 02000101 4
3 01000101 4
3 20000101 4
3 10000101 4
3 00022001 2
3 00202001 2
3 00102001 2
3 02002001 0
3 01002001 0
3 20002001 2
3 10002001 2
3 00011001 2
3 00201001 4
3 00101001 4
3 02001001 0
3 01001001 0
3 20001001 4
3 10001001 4
3 00220001 2
3 00120001 2
3 02020001 0
3 01020001 0
3 20020001 2
3 10020001 2
3 00210001 4
3 00110001 0
3 02010001 0
3 01010001 0
3 20010001 0
3 10010001 4
3 02200001 2
3 20200001 2
3 10200001 2
3 01100001 2
3 20100001 2
3 10100001 2
3 22000001 2
3 11000001 2
3 00002220 1
3 00001220 2
3 00020220 1
3 00010220 2
3 00200220 4
3 00100220 4
3 02000220 4
3 01000220 4
3 20000220 4
3 10000220 4
3 00002120 2
3 00001120 2
3 00010120 2
3 00200120 0
3 00100120 2
3 02000120 0
3 01000120 0
3 20000120 2
3 10000120 0
3 00022020 2
3 00202020 0
3 00102020 4
3 02002020 0
3 01002020 0
3 20002020 4
3 10002020 0
3 00011020 2
3 00201020 2
3 00101020 2
3 02001020 0
3 01001020 0
3 20001020 2
3 10001020 2
3 00220020 4
3 00120020 4
3 02020020 0
3 01020020 0
3 20020020 4
3 10020020 4
3 00210020 2
3 00110020 2
3 02010020 0
3 01010020 0
3 20010020 2
3 10010020 2
3 02200020 2
3 20200020 2
3 10200020 2
3 01100020 2
3 20100020 2
3 10100020 2
3 22000020 2
3 11000020 2
3 00002210 2
3 00001210 2
3 00020210 2
3 00200210 2
3 00100210 0
3 02000210 0
3 01000210 0
3 20000210 0
3 10000210 2
3 00002110 2
3 00001110 1
3 00020110 2
3 00010110 1
3 00200110 4
3 00100110 4
3 02000110 4
3 01000110 4
3 20000110 4
3 10000110 4
3 00022010 2
3 00202010 2
3 00102010 2
3 02002010 0
3 01002010 0
3 20002010 2
3 10002010 2
3 00011010 2
3 00201010 4
3 00101010 0
3 02001010 0
3 01001010 0
3 20001010 0
3 10001010 4
3 00220010 2
3 00120010 2
3 02020010 0
3 01020010 0
3 20020010 2
3 10020010 2
3 00210010 4
3 00110010 4
3 02010010 0
3 01010010 0
3 20010010 4
3 10010010 4
3 02200010 2
3 20200010 2
3 10200010 2
3 01100010 2
3 20100010 2
3 10100010 2
3 22000010 2
3 11000010 2
3 00022200 0
3 00202200 4
3 00102200 4
3 02002200 4
3 01002200 4
3 20002200 4
3 10002200 4
3 00011200 2
3 00201200 2
3 00101200 0
3 02001200 0
3 01001200 0
3 20001200 0
3 10001200 2
3 00220200 4
3 00120200 4
3 02020200 4
3 01020200 4
3 20020200 4
3 10020200 4
3 00210200 2
3 00110200 0
3 02010200 0
3 01010200 0
3 20010200 0
3 10010200 2
3 02200200 2
3 20200200 2
3 10200200 1
3 01100200 2
3 20100200 0
3 10100200 2
3 22000200 2
3 11000200 2
3 00022100 2
3 00202100 0
3 00102100 2
3 02002100 0
3 01002100 0
3 20002100 2
3 10002100 0
3 00011100 0
3 00201100 4
3 00101100 4
3 02001100 4
3 01001100 4
3 20001100 4
3 10001100 4
3 00220100 0
3 00120100 2
3 02020100 0
3 01020100 0
3 20020100 2
3 10020100 0
3 00210100 4
3 00110100 4
3 02010100 4
3 01010100 4
3 20010100 4
3 10010100 4
3 02200100 2
3 20200100 2
3 10200100 0
3 01100100 2
3 20100100 1
3 10100100 2
3 22000100 2
3 11000100 2
3 00222000 2
3 00122000 2
3 02022000 2
3 01022000 2
3 20022000 2
3 10022000 2
3 02202000 2
3 20202000 2
3 10202000 2
3 01102000 2
3 20102000 2
3 10102000 2
3 22002000 2
3 11002000 2
3 00211000 2
3 00111000 2
3 02011000 2
3 01011000 2
3 20011000 2
3 10011000 2
3 02201000 2
3 20201000 2
3 10201000 2
3 01101000 2
3 20101000 2
3 10101000 2
3 22001000 2
3 11001000 2
3 02220000 2
3 20220000 2
3 10220000 2
3 01120000 2
3 20120000 2
3 10120000 2
3 22020000 2
3 11020000 2
3 02210000 2
3 20210000 2
3 10210000 2
3 01110000 2
3 20110000 2
3 10110000 2
3 22010000 2
3 11010000 2
3 22200000 0
3 11100000 0
4 00002122 1
4 00001122 1
4 00010122 1
4 00200122 1
4 00100122 0
4 02000122 1
4 01000122 1
4 20000122 0
4 10000122 1
4 00002222 0
4 00022022 1
4 00202022 1
4 00102022 1
4 02002022 1
4 01002022 1
4 20002022 1
4 10002022 1
4 00001222 0
4 00011022 1
4 00201022 1
4 00101022 1
4 02001022 1
4 01001022 1
4 20001022 1
4 10001022 1
4 00020222 0
4 00220022 1
4 00120022 1
4 02020022 1
4 01020022 1
4 20020022 1
4 10020022 1
4 00010222 0
4 00210022 1
4 00110022 1
4 02010022 1
4 01010022 1
4 20010022 1
4 10010022 1
4 00200222 0
4 02200022 1
4 20200022 1
4 10200022 1
4 00100222 0
4 01100022 1
4 20100022 1
4 10100022 1
4 02000222 0
4 22000022 1
4 01000222 0
4 11000022 1
4 20000222 0
4 10000222 0
4 00022202 0
4 00202202 2
4 00102202 2
4 02002202 2
4 01002202 2
4 20002202 2
4 10002202 2
4 00011202 1
4 00201202 1
4 00101202 1
4 02001202 1
4 01001202 1
4 20001202 1
4 10001202 1
4 00220202 2
4 00120202 2
4 02020202 2
4 01020202 2
4 20020202 2
4 10020202 2
4 00210202 1
4 00110202 1
4 02010202 1
4 01010202 1
4 20010202 1
4 10010202 1
4 02200202 3
4 20200202 3
4 10200202 3
4 01100202 3
4 20100202 3
4 10100202 3
4 22000202 3
4 11000202 3
4 00022102 1
4 00202102 1
4 00102102 0
4 02002102 1
4 01002102 1
4 20002102 0
4 10002102 1
4 00011102 0
4 00201102 1
4 00101102 1
4 02001102 1
4 01001102 1
4 20001102 1
4 10001102 1
4 00220102 1
4 00120102 0
4 02020102 1
4 01020102 1
4 20020102 0
4 10020102 1
4 00210102 1
4 00110102 1
4 02010102 1
4 01010102 1
4 20010102 1
4 10010102 1
4 02200102 1
4 20200102 1
4 10200102 1
4 01100102 1
4 20100102 0
4 10100102 1
4 22000102 1
4 11000102 1
4 00222002 1
4 00122002 1
4 02022002 1
4 01022002 1
4 20022002 1
4 10022002 1
4 02202002 3
4 20202002 3
4 10202002 0
4 01102002 3
4 20102002 0
4 10102002 3
4 22002002 3
4 11002002 3
4 00211002 1
4 00111002 1
4 02011002 1
4 01011002 1
4 20011002 1
4 10011002 1
4 02201002 1
4 20201002 1
4 10201002 0
4 01101002 1
4 20101002 0
4 10101002 1
4 22001002 1
4 11001002 1
4 02220002 3
4 20220002 3
4 10220002 3
4 01120002 3
4 20120002 0
4 10120002 3
4 22020002 3
4 11020002 3
4 02210002 1
4 20210002 1
4 10210002 0
4 01110002 1
4 20110002 0
4 10110002 1
4 22010002 1
4 11010002 1
4 22200002 0
4 11100002 0
4 00002211 1
4 00001211 1
4 00020211 1
4 00200211 0
4 00100211 1
4 02000211 1
4 01000211 1
4 20000211 1
4 10000211 0
4 00002111 0
4 00022011 1
4 00202011 1
4 00102011 1
4 02002011 1
4 01002011 1
4 20002011 1
4 10002011 1
4 00001111 0
4 00011011 1
4 00201011 1
4 00101011 1
4 02001011 1
4 01001011 1
4 20001011 1
4 10001011 1
4 00020111 0
4 00220011 1
4 00120011 1
4 02020011 1
4 01020011 1
4 20020011 1
4 10020011 1
4 00010111 0
4 00210011 1
4 00110011 1
4 02010011 1
4 01010011 1
4 20010011 1
4 10010011 1
4 00200111 0
4 02200011 1
4 20200011 1
4 10200011 1
4 00100111 0
4 01100011 1
4 20100011 1
4 10100011 1
4 02000111 0
4 22000011 1
4 01000111 0
4 11000011 1
4 20000111 0
4 10000111 0
4 00022201 0
4 00202201 1
4 00102201 1
4 02002201 1
4 01002201 1
4 20002201 1
4 10002201 1
4 00011201 1
4 00201201 0
4 00101201 1
4 02001201 1
4 01001201 1
4 20001201 1
4 10001201 0
4 00220201 1
4 00120201 1
4 02020201 1
4 01020201 1
4 20020201 1
4 10020201 1
4 00210201 0
4 00110201 1
4 02010201 1
4 01010201 1
4 20010201 1
4 10010201 0
4 02200201 1
4 20200201 1
4 10200201 0
4 01100201 1
4 20100201 1
4 10100201 1
4 22000201 1
4 11000201 1
4 00022101 1
4 00202101 1
4 00102101 1
4 02002101 1
4 01002101 1
4 20002101 1
4 10002101 1
4 00011101 0
4 00201101 2
4 00101101 2
4 02001101 2
4 01001101 2
4 20001101 2
4 10001101 2
4 00220101 1
4 00120101 1
4 02020101 1
4 01020101 1
4 20020101 1
4 10020101 1
4 00210101 2
4 00110101 2
4 02010101 2
4 01010101 2
4 20010101 2
4 10010101 2
4 02200101 3
4 20200101 3
4 10200101 3
4 01100101 3
4 20100101 3
4 10100101 3
4 22000101 3
4 11000101 3
4 00222001 1
4 00122001 1
4 02022001 1
4 01022001 1
4 20022001 1
4 10022001 1
4 02202001 1
4 20202001 1
4 10202001 0
4 01102001 1
4 20102001 0
4 10102001 1
4 22002001 1
4 11002001 1
4 00211001 1
4 00111001 1
4 02011001 1
4 01011001 1
4 20011001 1
4 10011001 1
4 02201001 3
4 20201001 3
4 10201001 0
4 01101001 3
4 20101001 0
4 10101001 3
4 22001001 3
4 11001001 3
4 02220001 1
4 20220001 1
4 10220001 0
4 01120001 1
4 20120001 0
4 10120001 1
4 22020001 1
4 11020001 1
4 02210001 3
4 20210001 3
4 10210001 0
4 01110001 3
4 20110001 3
4 10110001 3
4 22010001 3
4 11010001 3
4 22200001 0
4 11100001 0
4 00022220 0
4 00202220 2
4 00102220 2
4 02002220 2
4 01002220 2
4 20002220 2
4 10002220 2
4 00011220 1
4 00201220 1
4 00101220 1
4 02001220 1
4 01001220 1
4 20001220 1
4 10001220 1
4 00220220 2
4 00120220 2
4 02020220 2
4 01020220 2
4 20020220 2
4 10020220 2
4 00210220 1
4 00110220 1
4 02010220 1
4 01010220 1
4 20010220 1
4 10010220 1
4 02200220 3
4 20200220 3
4 10200220 3
4 01100220 3
4 20100220 3
4 10100220 3
4 22000220 3
4 11000220 3
4 00202120 1
4 00102120 0
4 02002120 1
4 01002120 1
4 20002120 0
4 10002120 1
4 00011120 0
4 00201120 1
4 00101120 1
4 02001120 1
4 01001120 1
4 20001120 1
4 10001120 1
4 00210120 1
4 00110120 1
4 02010120 1
4 01010120 1
4 20010120 1
4 10010120 1
4 02200120 1
4 20200120 1
4 10200120 1
4 01100120 1
4 20100120 0
4 10100120 1
4 22000120 1
4 11000120 1
4 00222020 1
4 00122020 1
4 02022020 1
4 01022020 1
4 20022020 1
4 10022020 1
4 02202020 3
4 20202020 3
4 10202020 3
4 01102020 3
4 20102020 0
4 10102020 3
4 22002020 3
4 11002020 3
4 00211020 1
4 00111020 1
4 02011020 1
4 01011020 1
4 20011020 1
4 10011020 1
4 02201020 1
4 20201020 1
4 10201020 0
4 01101020 1
4 20101020 0
4 10101020 1
4 22001020 1
4 11001020 1
4 02220020 3
4 20220020 3
4 10220020 0
4 01120020 3
4 20120020 0
4 10120020 3
4 22020020 3
4 11020020 3
4 02210020 1
4 20210020 1
4 10210020 0
4 01110020 1
4 20110020 0
4 10110020 1
4 22010020 1
4 11010020 1
4 22200020 0
4 11100020 0
4 00022210 0
4 00202210 1
4 00102210 1
4 02002210 1
4 01002210 1
4 20002210 1
4 10002210 1
4 00201210 0
4 00101210 1
4 02001210 1
4 01001210 1
4 20001210 1
4 10001210 0
4 00220210 1
4 00120210 1
4 02020210 1
4 01020210 1
4 20020210 1
4 10020210 1
4 02200210 1
4 20200210 1
4 10200210 0
4 01100210 1
4 20100210 1
4 10100210 1
4 22000210 1
4 11000210 1
4 00022110 1
4 00202110 1
4 00102110 1
4 02002110 1
4 01002110 1
4 20002110 1
4 10002110 1
4 00011110 0
4 00201110 2
4 00101110 2
4 02001110 2
4 01001110 2
4 20001110 2
4 10001110 2
4 00220110 1
4 00120110 1
4 02020110 1
4 01020110 1
4 20020110 1
4 10020110 1
4 00210110 2
4 00110110 2
4 02010110 2
4 01010110 2
4 20010110 2
4 10010110 2
4 02200110 3
4 20200110 3
4 10200110 3
4 01100110 3
4 20100110 3
4 10100110 3
4 22000110 3
4 11000110 3
4 00222010 1
4 00122010 1
4 02022010 1
4 01022010 1
4 20022010 1
4 10022010 1
4 02202010 1
4 20202010 1
4 10202010 0
4 01102010 1
4 20102010 0
4 10102010 1
4 22002010 1
4 11002010 1
4 00211010 1
4 00111010 1
4 02011010 1
4 01011010 1
4 20011010 1
4 10011010 1
4 02201010 3
4 20201010 3
4 10201010 0
4 01101010 3
4 20101010 3
4 10101010 3
4 22001010 3
4 11001010 3
4 02220010 1
4 20220010 1
4 10220010 0
4 01120010 1
4 20120010 0
4 10120010 1
4 22020010 1
4 11020010 1
4 02210010 3
4 20210010 3
4 10210010 0
4 01110010 3
4 20110010 0
4 10110010 3
4 22010010 3
4 11010010 3
4 22200010 0
4 11100010 0
4 00222200 0
4 02202200 3
4 20202200 3
4 10202200 3
4 00122200 0
4 01102200 3
4 20102200 3
4 10102200 3
4 02022200 0
4 22002200 3
4 01022200 0
4 11002200 3
4 20022200 0
4 10022200 0
4 00211200 0
4 00111200 1
4 02011200 1
4 01011200 1
4 20011200 1
4 10011200 0
4 02201200 1
4 20201200 1
4 10201200 0
4 01101200 1
4 20101200 1
4 10101200 1
4 22001200 1
4 11001200 1
4 02220200 3
4 20220200 3
4 10220200 3
4 01120200 3
4 20120200 3
4 10120200 3
4 22020200 3
4 11020200 3
4 02210200 1
4 20210200 1
4 10210200 0
4 01110200 1
4 20110200 1
4 10110200 1
4 22010200 1
4 11010200 1
4 22200200 0
4 11100200 0
4 00222100 1
4 00122100 0
4 02022100 1
4 01022100 1
4 20022100 0
4 10022100 1
4 02202100 1
4 20202100 1
4 10202100 1
4 01102100 1
4 20102100 0
4 10102100 1
4 22002100 1
4 11002100 1
4 00211100 0
4 02201100 3
4 20201100 3
4 10201100 3
4 00111100 0
4 01101100 3
4 20101100 3
4 10101100 3
4 02011100 0
4 22001100 3
4 01011100 0
4 11001100 3
4 20011100 0
4 10011100 0
4 02220100 1
4 20220100 1
4 10220100 1
4 01120100 1
4 20120100 0
4 10120100 1
4 22020100 1
4 11020100 1
4 02210100 3
4 20210100 3
4 10210100 3
4 01110100 3
4 20110100 3
4 10110100 3
4 22010100 3
4 11010100 3
4 22200100 0
4 11100100 0
4 02222000 1
4 20222000 1
4 10222000 1
4 01122000 1
4 20122000 1
4 10122000 1
4 22022000 1
4 11022000 1
4 22202000 0
4 11102000 0
4 02211000 1
4 20211000 1
4 10211000 1
4 01111000 1
4 20111000 1
4 10111000 1
4 22011000 1
4 11011000 1
4 22201000 0
4 11101000 0
4 22220000 0
4 11120000 0
4 22210000 0
4 11110000 0
5 00202122 0
5 00102122 2
5 02002122 0
5 01002122 0
5 20002122 2
5 10002122 0
5 00011122 0
5 00201122 2
5 00101122 2
5 02001122 2
5 01001122 2
5 20001122 2
5 10001122 2
5 00210122 2
5 00110122 2
5 02010122 2
5 01010122 2
5 20010122 2
5 10010122 2
5 02200122 2
5 20200122 2
5 10200122 0
5 01100122 2
5 20100122 2
5 10100122 2
5 22000122 2
5 11000122 2
5 00022222 0
5 00222022 2
5 00122022 2
5 02022022 2
5 01022022 2
5 20022022 2
5 10022022 2
5 00202222 0
5 02202022 2
5 20202022 2
5 10202022 2
5 00102222 0
5 01102022 2
5 20102022 2
5 10102022 2
5 02002222 0
5 22002022 2
5 01002222 0
5 11002022 2
5 20002222 0
5 10002222 0
5 00011222 0
5 00211022 2
5 00111022 2
5 02011022 2
5 01011022 2
5 20011022 2
5 10011022 2
5 00201222 0
5 02201022 2
5 20201022 2
5 10201022 2
5 00101222 0
5 01101022 2
5 20101022 2
5 10101022 2
5 02001222 0
5 22001022 2
5 01001222 0
5 11001022 2
5 20001222 0
5 10001222 0
5 00220222 0
5 02220022 2
5 20220022 2
5 10220022 2
5 00120222 0
5 01120022 2
5 20120022 2
5 10120022 2
5 02020222 0
5 22020022 2
5 01020222 0
5 11020022 2
5 20020222 0
5 10020222 0
5 00210222 0
5 02210022 2
5 20210022 2
5 10210022 2
5 00110222 0
5 01110022 2
5 20110022 2
5 10110022 2
5 02010222 0
5 22010022 2
5 01010222 0
5 11010022 2
5 20010222 0
5 10010222 0
5 02200222 0
5 22200022 0
5 20200222 0
5 10200222 0
5 01100222 0
5 11100022 0
5 20100222 0
5 10100222 0
5 22000222 0
5 11000222 0
5 00222202 0
5 02202202 1
5 20202202 1
5 10202202 1
5 00122202 0
5 01102202 1
5 20102202 1
5 10102202 1
5 02022202 0
5 22002202 1
5 01022202 0
5 11002202 1
5 20022202 0
5 10022202 0
5 00211202 2
5 00111202 2
5 02011202 2
5 01011202 2
5 20011202 2
5 10011202 2
5 02201202 2
5 20201202 2
5 10201202 2
5 01101202 2
5 20101202 2
5 10101202 2
5 22001202 2
5 11001202 2
5 02220202 1
5 20220202 1
5 10220202 1
5 01120202 1
5 20120202 1
5 10120202 1
5 22020202 1
5 11020202 1
5 02210202 2
5 20210202 2
5 10210202 2
5 01110202 2
5 20110202 2
5 10110202 2
5 22010202 2
5 11010202 2
5 22200202 0
5 11100202 0
5 00222102 0
5 00122102 2
5 02022102 0
5 01022102 0
5 20022102 2
5 10022102 0
5 02202102 2
5 20202102 2
5 01102102 2
5 20102102 1
5 10102102 2
5 22002102 2
5 11002102 2
5 00211102 0
5 02201102 2
5 20201102 2
5 10201102 2
5 00111102 0
5 01101102 2
5 20101102 2
5 10101102 2
5 02011102 0
5 22001102 2
5 01011102 0
5 11001102 2
5 20011102 0
5 10011102 0
5 02220102 2
5 20220102 2
5 10220102 0
5 01120102 2
5 20120102 1
5 10120102 2
5 22020102 2
5 11020102 2
5 02210102 2
5 20210102 2
5 10210102 2
5 01110102 2
5 20110102 2
5 10110102 2
5 22010102 2
5 11010102 2
5 22200102 0
5 11100102 0
5 02222002 2
5 20222002 2
5 10222002 2
5 01122002 2
5 20122002 2
5 10122002 2
5 22022002 2
5 11022002 2
5 22202002 0
5 11102002 0
5 02211002 2
5 20211002 2
5 10211002 2
5 01111002 2
5 20111002 2
5 10111002 2
5 22011002 2
5 11011002 2
5 22201002 0
5 11101002 0
5 22220002 0
5 11120002 0
5 22210002 0
5 11110002 0
5 00022211 0
5 00202211 2
5 00102211 2
5 02002211 2
5 01002211 2
5 20002211 2
5 10002211 2
5 00201211 2
5 00101211 0
5 02001211 0
5 01001211 0
5 20001211 0
5 10001211 2
5 00220211 2
5 00120211 2
5 02020211 2
5 01020211 2
5 20020211 2
5 10020211 2
5 02200211 2
5 20200211 2
5 10200211 2
5 01100211 2
5 20100211 0
5 10100211 2
5 22000211 2
5 11000211 2
5 00022111 0
5 00222011 2
5 00122011 2
5 02022011 2
5 01022011 2
5 20022011 2
5 10022011 2
5 00202111 0
5 02202011 2
5 20202011 2
5 10202011 2
5 00102111 0
5 01102011 2
5 20102011 2
5 10102011 2
5 02002111 0
5 22002011 2
5 01002111 0
5 11002011 2
5 20002111 0
5 10002111 0
5 00011111 0
5 00211011 2
5 00111011 2
5 02011011 2
5 01011011 2
5 20011011 2
5 10011011 2
5 00201111 0
5 02201011 2
5 20201011 2
5 10201011 2
5 00101111 0
5 01101011 2
5 20101011 2
5 10101011 2
5 02001111 0
5 22001011 2
5 01001111 0
5 11001011 2
5 20001111 0
5 10001111 0
5 00220111 0
5 02220011 2
5 20220011 2
5 10220011 2
5 00120111 0
5 01120011 2
5 20120011 2
5 10120011 2
5 02020111 0
5 22020011 2
5 01020111 0
5 11020011 2
5 20020111 0
5 10020111 0
5 00210111 0
5 02210011 2
5 20210011 2
5 10210011 2
5 00110111 0
5 01110011 2
5 20110011 2
5 10110011 2
5 02010111 0
5 22010011 2
5 01010111 0
5 11010011 2
5 20010111 0
5 10010111 0
5 02200111 0
5 22200011 0
5 20200111 0
5 10200111 0
5 01100111 0
5 11100011 0
5 20100111 0
5 10100111 0
5 22000111 0
5 11000111 0
5 00222201 0
5 02202201 2
5 20202201 2
5 10202201 2
5 00122201 0
5 01102201 2
5 20102201 2
5 10102201 2
5 02022201 0
5 22002201 2
5 01022201 0
5 11002201 2
5 20022201 0
5 10022201 0
5 00211201 2
5 00111201 0
5 02011201 0
5 01011201 0
5 20011201 0
5 10011201 2
5 02201201 2
5 20201201 2
5 10201201 1
5 01101201 2
5 10101201 2
5 22001201 2
5 11001201 2
5 02220201 2
5 20220201 2
5 10220201 2
5 01120201 2
5 20120201 2
5 10120201 2
5 22020201 2
5 11020201 2
5 02210201 2
5 20210201 2
5 10210201 1
5 01110201 2
5 20110201 0
5 10110201 2
5 22010201 2
5 11010201 2
5 22200201 0
5 11100201 0
5 00222101 2
5 00122101 2
5 02022101 2
5 01022101 2
5 20022101 2
5 10022101 2
5 02202101 2
5 20202101 2
5 10202101 2
5 01102101 2
5 20102101 2
5 10102101 2
5 22002101 2
5 11002101 2
5 00211101 0
5 02201101 1
5 20201101 1
5 10201101 1
5 00111101 0
5 01101101 1
5 20101101 1
5 10101101 1
5 02011101 0
5 22001101 1
5 01011101 0
5 11001101 1
5 20011101 0
5 10011101 0
5 02220101 2
5 20220101 2
5 10220101 2
5 01120101 2
5 20120101 2
5 10120101 2
5 22020101 2
5 11020101 2
5 02210101 1
5 20210101 1
5 10210101 1
5 01110101 1
5 20110101 1
5 10110101 1
5 22010101 1
5 11010101 1
5 22200101 0
5 11100101 0
5 02222001 2
5 20222001 2
5 10222001 2
5 01122001 2
5 20122001 2
5 10122001 2
5 22022001 2
5 11022001 2
5 22202001 0
5 11102001 0
5 02211001 2
5 20211001 2
5 10211001 2
5 01111001 2
5 20111001 2
5 10111001 2
5 22011001 2
5 11011001 2
5 22201001 0
5 11101001 0
5 22220001 0
5 11120001 0
5 22210001 0
5 11110001 0
5 00222220 0
5 02202220 1
5 20202220 1
5 10202220 1
5 00122220 0
5 01102220 1
5 20102220 1
5 10102220 1
5 02022220 0
5 22002220 1
5 01022220 0
5 11002220 1
5 20022220 0
5 10022220 0
5 00211220 2
5 00111220 2
5 02011220 2
5 01011220 2
5 20011220 2
5 10011220 2
5 02201220 2
5 20201220 2
5 10201220 2
5 01101220 2
5 20101220 2
5 10101220 2
5 22001220 2
5 11001220 2
5 02220220 1
5 20220220 1
5 10220220 1
5 01120220 1
5 20120220 1
5 10120220 1
5 22020220 1
5 11020220 1
5 02210220 2
5 20210220 2
5 10210220 2
5 01110220 2
5 20110220 2
5 10110220 2
5 22010220 2
5 11010220 2
5 22200220 0
5 11100220 0
5 02202120 2
5 20202120 2
5 10202120 0
5 01102120 2
5 20102120 1
5 10102120 2
5 22002120 2
5 11002120 2
5 00211120 0
5 02201120 2
5 20201120 2
5 10201120 2
5 00111120 0
5 01101120 2
5 20101120 2
5 10101120 2
5 02011120 0
5 22001120 2
5 01011120 0
5 11001120 2
5 20011120 0
5 10011120 0
5 02210120 2
5 20210120 2
5 10210120 2
5 01110120 2
5 20110120 2
5 10110120 2
5 22010120 2
5 11010120 2
5 22200120 0
5 11100120 0
5 02222020 2
5 20222020 2
5 10222020 2
5 01122020 2
5 20122020 2
5 10122020 2
5 22022020 2
5 11022020 2
5 22202020 0
5 11102020 0
5 02211020 2
5 20211020 2
5 10211020 2
5 01111020 2
5 20111020 2
5 10111020 2
5 22011020 2
5 11011020 2
5 22201020 0
5 11101020 0
5 22220020 0
5 11120020 0
5 22210020 0
5 11110020 0
5 00222210 0
5 02202210 2
5 20202210 2
5 10202210 2
5 00122210 0
5 01102210 2
5 20102210 2
5 10102210 2
5 02022210 0
5 22002210 2
5 01022210 0
5 11002210 2
5 20022210 0
5 10022210 0
5 02201210 2
5 20201210 2
5 10201210 1
5 01101210 2
5 20101210 0
5 10101210 2
5 22001210 2
5 11001210 2
5 02220210 2
5 20220210 2
5 10220210 2
5 01120210 2
5 20120210 2
5 10120210 2
5 22020210 2
5 11020210 2
5 22200210 0
5 11100210 0
5 00222110 2
5 00122110 2
5 02022110 2
5 01022110 2
5 20022110 2
5 10022110 2
5 02202110 2
5 20202110 2
5 10202110 2
5 01102110 2
5 20102110 2
5 10102110 2
5 22002110 2
5 11002110 2
5 00211110 0
5 02201110 1
5 20201110 1
5 10201110 1
5 00111110 0
5 01101110 1
5 20101110 1
5 10101110 1
5 02011110 0
5 22001110 1
5 01011110 0
5 11001110 1
5 20011110 0
5 10011110 0
5 02220110 2
5 20220110 2
5 10220110 2
5 01120110 2
5 20120110 2
5 10120110 2
5 22020110 2
5 11020110 2
5 02210110 1
5 20210110 1
5 10210110 1
5 01110110 1
5 20110110 1
5 10110110 1
5 22010110 1
5 11010110 1
5 22200110 0
5 11100110 0
5 02222010 2
5 20222010 2
5 10222010 2
5 01122010 2
5 20122010 2
5 10122010 2
5 22022010 2
5 11022010 2
5 22202010 0
5 11102010 0
5 02211010 2
5 20211010 2
5 10211010 2
5 01111010 2
5 20111010 2
5 10111010 2
5 22011010 2
5 11011010 2
5 22201010 0
5 11101010 0
5 22220010 0
5 11120010 0
5 22210010 0
5 11110010 0
5 02222200 0
5 22202200 0
5 20222200 0
5 10222200 0
5 01122200 0
5 11102200 0
5 20122200 0
5 10122200 0
5 22022200 0
5 11022200 0
5 02211200 2
5 20211200 2
5 10211200 2
5 01111200 2
5 20111200 0
5 10111200 2
5 22011200 2
5 11011200 2
5 22201200 0
5 11101200 0
5 22220200 0
5 11120200 0
5 22210200 0
5 11110200 0
5 02222100 2
5 20222100 2
5 10222100 0
5 01122100 2
5 20122100 2
5 10122100 2
5 22022100 2
5 11022100 2
5 22202100 0
5 11102100 0
5 02211100 0
5 22201100 0
5 20211100 0
5 10211100 0
5 01111100 0
5 11101100 0
5 20111100 0
5 10111100 0
5 22011100 0
5 11011100 0
5 22220100 0
5 11120100 0
5 22210100 0
5 11110100 0
5 22222000 0
5 11122000 0
5 22211000 0
5 11111000 0
6 02202122 1
6 20202122 1
6 01102122 1
6 20102122 0
6 10102122 1
6 22002122 1
6 11002122 1
6 00211122 0
6 02201122 1
6 20201122 1
6 10201122 1
6 00111122 0
6 01101122 1
6 20101122 1
6 10101122 1
6 02011122 0
6 22001122 1
6 01011122 0
6 11001122 1
6 20011122 0
6 10011122 0
6 02210122 1
6 20210122 1
6 10210122 1
6 01110122 1
6 20110122 1
6 10110122 1
6 22010122 1
6 11010122 1
6 22200122 0
6 11100122 0
6 00222222 0
6 02222022 1
6 20222022 1
6 10222022 1
6 00122222 0
6 01122022 1
6 20122022 1
6 10122022 1
6 02022222 0
6 22022022 1
6 01022222 0
6 11022022 1
6 20022222 0
6 10022222 0
6 02202222 0
6 22202022 0
6 20202222 0
6 10202222 0
6 01102222 0
6 11102022 0
6 20102222 0
6 10102222 0
6 22002222 0
6 11002222 0
6 00211222 0
6 02211022 1
6 20211022 1
6 10211022 1
6 00111222 0
6 01111022 1
6 20111022 1
6 10111022 1
6 02011222 0
6 22011022 1
6 01011222 0
6 11011022 1
6 20011222 0
6 10011222 0
6 02201222 0
6 22201022 0
6 20201222 0
6 10201222 0
6 01101222 0
6 11101022 0
6 20101222 0
6 10101222 0
6 22001222 0
6 11001222 0
6 02220222 0
6 22220022 0
6 20220222 0
6 10220222 0
6 01120222 0
6 11120022 0
6 20120222 0
6 10120222 0
6 22020222 0
6 11020222 0
6 02210222 0
6 22210022 0
6 20210222 0
6 10210222 0
6 01110222 0
6 11110022 0
6 20110222 0
6 10110222 0
6 22010222 0
6 11010222 0
6 02222202 0
6 22202202 0
6 20222202 0
6 10222202 0
6 01122202 0
6 11102202 0
6 20122202 0
6 10122202 0
6 22022202 0
6 11022202 0
6 02211202 1
6 20211202 1
6 10211202 1
6 01111202 1
6 20111202 1
6 10111202 1
6 22011202 1
6 11011202 1
6 22201202 0
6 11101202 0
6 22220202 0
6 11120202 0
6 22210202 0
6 11110202 0
6 02222102 1
6 20222102 1
6 01122102 1
6 20122102 0
6 10122102 1
6 22022102 1
6 11022102 1
6 22202102 0
6 11102102 0
6 02211102 0
6 22201102 0
6 20211102 0
6 10211102 0
6 01111102 0
6 11101102 0
6 20111102 0
6 10111102 0
6 22011102 0
6 11011102 0
6 22220102 0
6 11120102 0
6 22210102 0
6 11110102 0
6 22222002 0
6 11122002 0
6 22211002 0
6 11111002 0
6 00222211 0
6 02202211 1
6 20202211 1
6 10202211 1
6 00122211 0
6 01102211 1
6 20102211 1
6 10102211 1
6 02022211 0
6 22002211 1
6 01022211 0
6 11002211 1
6 20022211 0
6 10022211 0
6 02201211 1
6 20201211 1
6 10201211 0
6 01101211 1
6 10101211 1
6 22001211 1
6 11001211 1
6 02220211 1
6 20220211 1
6 10220211 1
6 01120211 1
6 20120211 1
6 10120211 1
6 22020211 1
6 11020211 1
6 22200211 0
6 11100211 0
6 00222111 0
6 02222011 1
6 20222011 1
6 10222011 1
6 00122111 0
6 01122011 1
6 20122011 1
6 10122011 1
6 02022111 0
6 22022011 1
6 01022111 0
6 11022011 1
6 20022111 0
6 10022111 0
6 02202111 0
6 22202011 0
6 20202111 0
6 10202111 0
6 01102111 0
6 11102011 0
6 20102111 0
6 10102111 0
6 22002111 0
6 11002111 0
6 00211111 0
6 02211011 1
6 20211011 1
6 10211011 1
6 00111111 0
6 01111011 1
6 20111011 1
6 10111011 1
6 02011111 0
6 22011011 1
6 01011111 0
6 11011011 1
6 20011111 0
6 10011111 0
6 02201111 0
6 22201011 0
6 20201111 0
6 10201111 0
6 01101111 0
6 11101011 0
6 20101111 0
6 10101111 0
6 22001111 0
6 11001111 0
6 02220111 0
6 22220011 0
6 20220111 0
6 10220111 0
6 01120111 0
6 11120011 0
6 20120111 0
6 10120111 0
6 22020111 0
6 11020111 0
6 02210111 0
6 22210011 0
6 20210111 0
6 10210111 0
6 01110111 0
6 11110011 0
6 20110111 0
6 10110111 0
6 22010111 0
6 11010111 0
6 02222201 0
6 22202201 0
6 20222201 0
6 10222201 0
6 01122201 0
6 11102201 0
6 20122201 0
6 10122201 0
6 22022201 0
6 11022201 0
6 02211201 1
6 20211201 1
6 10211201 0
6 01111201 1
6 10111201 1
6 22011201 1
6 11011201 1
6 22201201 0
6 11101201 0
6 22220201 0
6 11120201 0
6 22210201 0
6 11110201 0
6 02222101 1
6 20222101 1
6 10222101 1
6 01122101 1
6 20122101 1
6 10122101 1
6 22022101 1
6 11022101 1
6 22202101 0
6 11102101 0
6 02211101 0
6 22201101 0
6 20211101 0
6 10211101 0
6 01111101 0
6 11101101 0
6 20111101 0
6 10111101 0
6 22011101 0
6 11011101 0
6 22220101 0
6 11120101 0
6 22210101 0
6 11110101 0
6 22222001 0
6 11122001 0
6 22211001 0
6 11111001 0
6 02222220 0
6 22202220 0
6 20222220 0
6 10222220 0
6 01122220 0
6 11102220 0
6 20122220 0
6 10122220 0
6 22022220 0
6 11022220 0
6 02211220 1
6 20211220 1
6 10211220 1
6 01111220 1
6 20111220 1
6 10111220 1
6 22011220 1
6 11011220 1
6 22201220 0
6 11101220 0
6 22220220 0
6 11120220 0
6 22210220 0
6 11110220 0
6 22202120 0
6 11102120 0
6 02211120 0
6 22201120 0
6 20211120 0
6 10211120 0
6 01111120 0
6 11101120 0
6 20111120 0
6 10111120 0
6 22011120 0
6 11011120 0
6 22210120 0
6 11110120 0
6 22222020 0
6 11122020 0
6 22211020 0
6 11111020 0
6 02222210 0
6 22202210 0
6 20222210 0
6 10222210 0
6 01122210 0
6 11102210 0
6 20122210 0
6 10122210 0
6 22022210 0
6 11022210 0
6 22201210 0
6 11101210 0
6 22220210 0
6 11120210 0
6 02222110 1
6 20222110 1
6 10222110 1
6 01122110 1
6 20122110 1
6 10122110 1
6 22022110 1
6 11022110 1
6 22202110 0
6 11102110 0
6 02211110 0
6 22201110 0
6 20211110 0
6 10211110 0
6 01111110 0
6 11101110 0
6 20111110 0
6 10111110 0
6 22011110 0
6 11011110 0
6 22220110 0
6 11120110 0
6 22210110 0
6 11110110 0
6 22222010 0
6 11122010 0
6 22211010 0
6 11111010 0
6 22211200 0
6 11111200 0
6 22222100 0
6 11122100 0
7 22202122 0
7 11102122 0
7 02211122 0
7 22201122 0
7 20211122 0
7 10211122 0
7 01111122 0
7 11101122 0
7 20111122 0
7 10111122 0
7 22011122 0
7 11011122 0
7 22210122 0
7 11110122 0
7 02222222 0
7 22222022 0
7 20222222 0
7 10222222 0
7 01122222 0
7 11122022 0
7 20122222 0
7 10122222 0
7 22022222 0
7 11022222 0
7 02211222 0
7 22211022 0
7 20211222 0
7 10211222 0
7 01111222 0
7 11111022 0
7 20111222 0
7 10111222 0
7 22011222 0
7 11011222 0
7 22211202 0
7 11111202 0
7 22222102 0
7 11122102 0
7 02222211 0
7 22202211 0
7 20222211 0
7 10222211 0
7 01122211 0
7 11102211 0
7 20122211 0
7 10122211 0
7 22022211 0
7 11022211 0
7 22201211 0
7 11101211 0
7 22220211 0
7 11120211 0
7 02222111 0
7 22222011 0
7 20222111 0
7 10222111 0
7 01122111 0
7 11122011 0
7 20122111 0
7 10122111 0
7 22022111 0
7 11022111 0
7 02211111 0
7 22211011 0
7 20211111 0
7 10211111 0
7 01111111 0
7 11111011 0
7 20111111 0
7 10111111 0
7 22011111 0
7 11011111 0
7 22211201 0
7 11111201 0
7 22222101 0
7 11122101 0
7 22211220 0
7 11111220 0
7 22222110 0
7 11122110 0
